((("lstinputlisting" .
   [3 0 0 0 0 0 0 0 0 0 0 0 0 0 0])
  ("/mathw2/" .
   [0 0 0 0 0 0 0 2])
  ("part" .
   [1 0 0 0])
  ("when" .
   [1 0 0 0])
  ("case" .
   [1 0 0 0])
  ("it's" .
   [1 0 0 0])
  ("optimal" .
   [1 0 0 0 0 0 0])
  ("squares" .
   [1 0 0 0 0 0 0])
  ("its" .
   [2 0 0])
  ("influence" .
   [1 0 0 0 0 0 0 0 0])
  ("indeed" .
   [1 0 0 0 0 0])
  ("graphic" .
   [1 0 0 0 0 0 0])
  ("simple" .
   [1 0 0 0 0 0])
  ("seem" .
   [1 0 0 0])
  ("It" .
   [1 0])
  ("support" .
   [1 0 0 0 0 0 0])
  ("least" .
   [3 0 0 0 0])
  ("than" .
   [3 0 0 0])
  ("better" .
   [2 0 0 0 0 0])
  ("blue" .
   [1 0 0 0])
  ("quite" .
   [2 0 0 0 0])
  ("As" .
   [1 0])
  ("single" .
   [1 0 0 0 0 0])
  ("affected" .
   [2 0 0 0 0 0 0 0])
  ("are" .
   [1 0 0])
  ("lines" .
   [1 0 0 0 0])
  ("all" .
   [2 0 0])
  ("derived" .
   [1 0 0 0 0 0 0])
  ("Compared" .
   [0 0 0 0 0 0 0 1])
  ("W" .
   [1])
  ("g" .
   [1])
  ("space0" .
   [0 0 0 0 0 1])
  ("accurate" .
   [1 0 0 0 0 0 0 0])
  ("very" .
   [1 0 0 0])
  ("seems" .
   [3 0 0 0 0])
  ("robust" .
   [3 0 0 0 0 0])
  ("get" .
   [1 0 0])
  ("range" .
   [1 0 0 0 0])
  ("ranges" .
   [0 0 0 0 0 1])
  ("both" .
   [1 0 0 0])
  ("with" .
   [1 0 0 0])
  ("calculated" .
   [1 0 0 0 0 0 0 0 0 0])
  ("appropriate" .
   [1 0 0 0 0 0 0 0 0 0 0])
  ("able" .
   [1 0 0 0])
  ("should" .
   [1 0 0 0 0 0])
  ("From" .
   [1 0 0 0])
  ("search" .
   [3 0 0 0 0 0])
  ("grid" .
   [2 0 0 0])
  ("fit" .
   [2 0 0])
  ("routine" .
   [1 0 0 0 0 0 0])
  ("png" .
   [3 0 0])
  ("/mathw2/LSregressionLine" .
   [0 0 0 0 1 0 0 0 1 1 0 0 1 0 0 0 0 0 0 0 0 0 0 0])
  ("width=130mm" .
   [0 0 0 0 0 0 2 0 0 0 1])
  ("height=100mm" .
   [0 0 0 0 0 0 0 2 0 0 0 1])
  ("includegraphics" .
   [3 0 0 0 0 0 0 0 0 0 0 0 0 0 0])
  ("well" .
   [1 0 0 0])
  ("not" .
   [1 0 0])
  ("does" .
   [1 0 0 0])
  ("Does" .
   [1 0 0 2])
  ("ignore" .
   [1 0 0 0 0 0])
  ("like" .
   [1 0 0 0])
  ("would" .
   [2 0 0 0 0])
  ("much" .
   [2 0 0 0])
  ("th" .
   [1 0])
  ("previous" .
   [1 0 0 0 0 0 0 0])
  ("one" .
   [1 0 0])
  ("rotated" .
   [1 0 0 0 0 0 0])
  ("has" .
   [1 0 0])
  ("plot" .
   [2 0 0 0])
  ("following" .
   [1 0 0 0 0 0 0 0 0])
  ("texttt" .
   [3 0 0 0 0 0])
  ("file" .
   [2 0 0 0])
  ("done" .
   [1 0 0 0])
  ("This" .
   [4 0 0 0])
  ("text" .
   [2 0 0 1])
  ("tt" .
   [1 0])
  ("outlier" .
   [5 0 0 0 0 0 0])
  ("how" .
   [3 0 0])
  ("using" .
   [2 0 0 0 0])
  ("these" .
   [2 0 0 0 0])
  ("regression" .
   [12 0 0 0 0 0 0 0 0 0])
  ("linear" .
   [3 0 0 0 0 0])
  ("find" .
   [2 0 0 0])
  ("Plot" .
   [2 0 0 0])
  ("element" .
   [1 0 0 0 0 0 0])
  ("last" .
   [1 0 0 0])
  ("mat" .
   [1 0 0])
  ("same" .
   [2 0 0 0])
  ("T" .
   [2])
  ("In" .
   [2 0])
  ("1=" .
   [1 0])
  ("i" .
   [1])
  ("exactly" .
   [1 0 0 0 0 0 0])
  ("b" .
   [1])
  ("defined" .
   [1 0 0 0 0 0 0])
  ("now" .
   [1 0 0])
  ("k" .
   [1])
  ("But" .
   [1 0 0])
  ("therefore" .
   [1 0 0 0 0 0 0 0 0])
  ("t" .
   [3])
  ("again" .
   [1 0 0 0 0])
  ("deviation" .
   [1 0 0 0 0 0 0 0 0])
  ("standard" .
   [1 0 0 0 0 0 0 0])
  ("distribution" .
   [1 0 0 0 0 0 0 0 0 0 0 0])
  ("point" .
   [1 0 0 0 0])
  ("at" .
   [3 0])
  ("whichever" .
   [0 0 0 0 0 1 0 0 0])
  ("points" .
   [1 0 0 0 0 0])
  ("number" .
   [1 0 0 0 0 0])
  ("was" .
   [6 0 0])
  ("did" .
   [1 0 0])
  ("We" .
   [1 0])
  ("epsilon" .
   [1 0 0 0 1 1 0])
  ("formula" .
   [1 0 0 0 0 0 0])
  ("Because" .
   [2 0 0 0 0 0 0])
  ("process" .
   [1 0 0 0 0 0 0])
  ("optimization" .
   [1 0 0 0 0 0 0 0 0 0 0 0])
  ("on" .
   [2 0])
  ("effect" .
   [1 0 0 0 0 0])
  ("any" .
   [1 0 0])
  ("will" .
   [1 0 0 0])
  ("and" .
   [9 0 0])
  ("just" .
   [1 0 0 0])
  ("shift" .
   [1 0 0 0 0])
  ("constant" .
   [6 0 0 0 0 0 0 0])
  ("because" .
   [4 0 0 0 0 0 0])
  ("data" .
   [11 0 0 0])
  ("set" .
   [2 0 0])
  ("have" .
   [2 0 0 0])
  ("once" .
   [1 0 0 0])
  ("about" .
   [1 0 0 0 0])
  ("a" .
   [1])
  ("care" .
   [1 0 0 0])
  ("don't" .
   [1 0 0 0 0])
  ("constants" .
   [1 0 0 0 0 0 0 0 0])
  ("be" .
   [4 0])
  ("or" .
   [1 0])
  ("only" .
   [2 0 0 0])
  ("want" .
   [2 0 0 0])
  ("but" .
   [1 0 0])
  ("our" .
   [5 0 0])
  ("exact" .
   [1 0 0 0 0])
  ("Now" .
   [1 0 0])
  ("-Nlog" .
   [1 0 0 0 0])
  ("s" .
   [3])
  ("frac" .
   [3 0 0 0])
  ("logo" .
   [0 0 0 1])
  ("log" .
   [4 0 0])
  ("mathbf" .
   [8 0 0 0 0 1])
  ("end" .
   [1 0 0])
  ("begin" .
   [1 0 0 0 0])
  ("multline" .
   [3 0 0 0 0 0 0 0])
  ("usepackage" .
   [1 0 0 0 0 0 0 0 0 0])
  ("dmath" .
   [1 0 0 0 0])
  ("m" .
   [5])
  ("distributions" .
   [0 0 0 0 0 0 0 0 1 0 0 0 0])
  ("noise" .
   [1 0 0 0 0])
  ("n" .
   [1])
  ("show" .
   [1 0 0 0])
  ("l" .
   [3])
  ("function" .
   [6 0 0 0 0 0 0 0])
  ("error" .
   [9 0 0 0 0])
  ("an" .
   [4 0])
  ("expression" .
   [1 0 0 0 0 0 0 0 0 0])
  ("general" .
   [1 0 0 0 0 0 0])
  ("into" .
   [1 0 0 0])
  ("bold" .
   [8 0 0 0])
  ("for" .
   [6 0 0])
  ("Regression" .
   [1 0 0 0 0 0 0 0 0 0])
  ("Linear" .
   [1 0 0 0 0 0])
  ("section" .
   [2 0 0 0 0 0 0])
  ("The" .
   [4 0 0])
  ("value" .
   [3 0 0 0 0])
  ("c" .
   [1])
  ("w" .
   [3])
  ("from" .
   [5 0 0 0])
  ("terms" .
   [1 0 0 0 0])
  ("in" .
   [7 0])
  ("make" .
   [1 0 0 0])
  ("estimate" .
   [3 0 0 0 0 0 0 0])
  ("your" .
   [3 0 0 0])
  ("i=1" .
   [12 0 0])
  ("sum" .
   [13 0 0])
  ("sigma" .
   [4 0 0 1 0])
  ("as" .
   [4 0])
  ("e" .
   [2])
  ("could" .
   [1 0 0 0 0])
  ("you" .
   [2 0 0])
  ("then" .
   [1 0 0 0])
  ("prediction" .
   [2 0 0 0 0 0 0 0 0 0])
  ("if" .
   [1 0])
  ("Thus" .
   [1 0 0 0])
  ("targets" .
   [2 0 0 0 0 0 0])
  ("actual" .
   [2 0 0 0 0 0])
  ("between" .
   [2 0 0 0 0 0 0])
  ("d" .
   [1])
  ("variance" .
   [3 0 0 0 0 0 0 0])
  ("of" .
   [20 0])
  ("subsection" .
   [4 0 0 0 0 0 0 0 0 0])
  ("this" .
   [10 0 0 0])
  ("out" .
   [1 0 0])
  ("by" .
   [6 0])
  ("which" .
   [6 0 0 0 0])
  ("line" .
   [12 0 0 0])
  ("to" .
   [10 0])
  ("good" .
   [1 0 0 0])
  ("is" .
   [16 0])
  ("it" .
   [5 0])
  ("that" .
   [9 0 0 0])
  ("see" .
   [1 0 0])
  ("can" .
   [3 0 0])
  ("we" .
   [8 0])
  ("figure" .
   [2 0 0 0 0 0])
  ("the" .
   [65 0 0])))
